111111111111111111111111111111111111111111111111
100000000000000000002000002000000000000000000001            
100000000000000000002000002000000000000000000001
100000000000000000002000002000000000000000000001
100000000000000000000111110000000000000000000001
100000000000000000000000000000000000000000000001
100000000000000000000000000000000000000000000001
100000000000000000000000000000000000000000000001
100000000000000000000000000000000000000000000001
100000000000000000000000000000000000000000000001
1                 11111111111                  1
100000000000000000000002000000000000000000000001
100000000000000000000002000000000000000000000001
100000000000000000000002000000000000000000000001
100000000000000000000002000000000000000000000001
100000000000000000000002000000000000000000000001
100000000000000000000002000000000000000000000001
100000000000000000000002000000000000000000000001
100000111111000000000002000000000000111111000001
100000000001000000000002000000000000100000000001
100000000001000000000002000000000000100000000001
100000000001000000000002000000000000100000000001
100000000001000000000002000000000000100000000001
122222222221000000000002000000000000122222222221
122222222221000000000002000000000000122222222221
100000000001000000000002000000000000100000000001
100000000001000000000002000000000000100000000001
100000000001000000000002000000000000100000000001
100000000001000000000002000000000000100000000001
1     111111           2            111111     1
1                      2                       1
1                      2                       1
1                      2                       1
1                      2                       1
1                      2                       1
1                      2                       1
1                      2                       1
1                 11111111111                  1
1                                              1
100000000000000000000000000000000000000000000001
100000000000000000000000000000000000000000000001
100000000000000000000000000000000000000000000001
1                                              1
100000000000000000000111110000000000000000000001
100000000000000000002000002000000000000000000001
1                   2     2                    1
1                   2     2                    1
111111111111111111111111111111111111111111111111